image: office_medium.pgm
resolution: 0.050000
origin: [-16.225000, -5.025000, 0.000000]
negate: 0
occupied_thresh: 0.65
free_thresh: 0.196

